0 0.577983 0.185527 0.019310 0.037270
0 0.610672 0.166899 0.025259 0.032608
0 0.601759 0.135453 0.025259 0.048905
0 0.567582 0.128466 0.031198 0.048905
0 0.869927 0.306635 0.029716 0.037270
0 0.977642 0.265885 0.022284 0.044257
0 0.817517 0.434959 0.028897 0.039216
0 0.787470 0.403284 0.022284 0.053568
0 0.784496 0.468493 0.022284 0.048905
0 0.840216 0.377662 0.023776 0.039595
0 0.955866 0.578189 0.024250 0.041541
0 0.298664 0.382318 0.025259 0.048905
0 0.585418 0.226284 0.028233 0.039595
0 0.679754 0.186696 0.020802 0.034932
0 0.698323 0.179703 0.022284 0.039595
0 0.768897 0.207655 0.017828 0.034932
0 0.742897 0.197176 0.019310 0.037270
0 0.725810 0.194838 0.017828 0.055892
0 0.597297 0.067912 0.031198 0.048905
0 0.546780 0.189027 0.031198 0.053568
0 0.701741 0.426946 0.034155 0.050730
0 0.930060 0.288851 0.026966 0.039459
0 0.466246 0.288851 0.030560 0.033811
0 0.753431 0.937041 0.031638 0.052703
0 0.544836 0.048122 0.037655 0.051189
0 0.491922 0.124635 0.044983 0.088919
0 0.725103 0.263493 0.027603 0.054095
0 0.304621 0.226392 0.016759 0.026270
0 0.630948 0.118980 0.016759 0.030905
0 0.650664 0.106615 0.016759 0.030905
0 0.622573 0.208628 0.013802 0.027824
0 0.389897 0.531622 0.021690 0.024730
