0 0.214754 0.766095 0.029716 0.037270
0 0.322470 0.725345 0.022284 0.044257
0 0.162345 0.894419 0.028897 0.039216
0 0.132297 0.862743 0.022284 0.053568
0 0.129323 0.927953 0.022284 0.048905
0 0.185043 0.837122 0.023776 0.039595
0 0.024582 0.646155 0.020802 0.034932
0 0.043151 0.639162 0.022284 0.039595
0 0.113724 0.667115 0.017828 0.034932
0 0.087724 0.656635 0.019310 0.037270
0 0.070638 0.654297 0.017828 0.055892
0 0.406418 0.550669 0.038629 0.044257
0 0.714431 0.804676 0.032362 0.062000
0 0.046569 0.886405 0.034155 0.050730
0 0.274888 0.748311 0.026966 0.039459
0 0.069931 0.722953 0.027603 0.054095
0 0.001940 0.566074 0.003879 0.030905
