0 0.214754 0.306635 0.029716 0.037270
0 0.322470 0.265885 0.022284 0.044257
0 0.162345 0.434959 0.028897 0.039216
0 0.132297 0.403284 0.022284 0.053568
0 0.129323 0.468493 0.022284 0.048905
0 0.185043 0.377662 0.023776 0.039595
0 0.300694 0.578189 0.024250 0.041541
0 0.024582 0.186696 0.020802 0.034932
0 0.043151 0.179703 0.022284 0.039595
0 0.113724 0.207655 0.017828 0.034932
0 0.087724 0.197176 0.019310 0.037270
0 0.070638 0.194838 0.017828 0.055892
0 0.406418 0.091209 0.038629 0.044257
0 0.714431 0.345216 0.032362 0.062000
0 0.046569 0.426946 0.034155 0.050730
0 0.274888 0.288851 0.026966 0.039459
0 0.098259 0.937041 0.031638 0.052703
0 0.069931 0.263493 0.027603 0.054095
0 0.001940 0.106615 0.003879 0.030905
