0 0.577983 0.644986 0.019310 0.037270
0 0.610672 0.626358 0.025259 0.032608
0 0.601759 0.594912 0.025259 0.048905
0 0.567582 0.587926 0.031198 0.048905
0 0.869927 0.766095 0.029716 0.037270
0 0.977642 0.725345 0.022284 0.044257
0 0.817517 0.894419 0.028897 0.039216
0 0.787470 0.862743 0.022284 0.053568
0 0.784496 0.927953 0.022284 0.048905
0 0.840216 0.837122 0.023776 0.039595
0 0.298664 0.841777 0.025259 0.048905
0 0.585418 0.685743 0.028233 0.039595
0 0.679754 0.646155 0.020802 0.034932
0 0.698323 0.639162 0.022284 0.039595
0 0.768897 0.667115 0.017828 0.034932
0 0.742897 0.656635 0.019310 0.037270
0 0.725810 0.654297 0.017828 0.055892
0 0.597297 0.527372 0.031198 0.048905
0 0.546780 0.648486 0.031198 0.053568
0 0.701741 0.886405 0.034155 0.050730
0 0.930060 0.748311 0.026966 0.039459
0 0.466246 0.748311 0.030560 0.033811
0 0.544836 0.507581 0.037655 0.051189
0 0.491922 0.584095 0.044983 0.088919
0 0.725103 0.722953 0.027603 0.054095
0 0.304621 0.685851 0.016759 0.026270
0 0.630948 0.578439 0.016759 0.030905
0 0.650664 0.566074 0.016759 0.030905
0 0.622573 0.668088 0.013802 0.027824
0 0.389897 0.989358 0.021690 0.021284
