0 0.567638 0.003486 0.017000 0.006973
0 0.598004 0.004439 0.012147 0.008878
0 0.581000 0.040284 0.021862 0.047595
0 0.521491 0.023473 0.024293 0.046946
0 0.511776 0.085020 0.024293 0.041878
0 0.635655 0.169750 0.021862 0.036176
0 0.684841 0.205926 0.025509 0.039986
0 0.553677 0.087885 0.018216 0.039986
0 0.570073 0.076453 0.014578 0.028554
0 0.603470 0.070743 0.015784 0.043784
0 0.600435 0.121203 0.014578 0.026649
0 0.566422 0.144041 0.017000 0.026649
0 0.557927 0.116439 0.031578 0.039986
0 0.595569 0.201162 0.019431 0.026649
0 0.570677 0.253514 0.015784 0.051405
0 0.191754 0.005392 0.023078 0.010784
0 0.099453 0.194500 0.025509 0.043784
0 0.095806 0.164980 0.023078 0.045689
0 0.187500 0.257318 0.021862 0.024743
0 0.158414 0.223804 0.016586 0.028608
0 0.158414 0.201054 0.023224 0.022108
0 0.174181 0.217297 0.014931 0.033811
0 0.282845 0.193243 0.013276 0.022108
0 0.297776 0.209500 0.016586 0.026000
0 0.235147 0.258264 0.024052 0.027311
0 0.352526 0.269311 0.028207 0.036405
0 0.334690 0.179595 0.030690 0.033811
0 0.306897 0.100270 0.023224 0.033811
0 0.378237 0.098973 0.018250 0.046811
0 0.344642 0.043709 0.025716 0.029905
0 0.275797 0.095068 0.025716 0.046811
0 0.211091 0.187399 0.017422 0.028608
0 0.244272 0.080115 0.038991 0.050716
0 0.260034 0.212101 0.020741 0.049419
0 0.374086 0.232905 0.016586 0.023405
0 0.376996 0.334980 0.027371 0.040311
0 0.178328 0.360338 0.021569 0.044216
0 0.204871 0.364885 0.029862 0.050716
0 0.135603 0.372041 0.022397 0.036405
0 0.155513 0.375284 0.019078 0.037703
0 0.162565 0.411054 0.018250 0.020811
0 0.184552 0.399993 0.020741 0.040311
0 0.175422 0.545635 0.020741 0.032514
0 0.147638 0.584642 0.021569 0.029905
0 0.102836 0.643811 0.023224 0.033811
0 0.142246 0.622345 0.025716 0.029905
0 0.114453 0.617804 0.018250 0.031203
0 0.251741 0.637959 0.022397 0.035108
0 0.316853 0.630804 0.021569 0.031203
0 0.279526 0.674358 0.016586 0.016905
0 0.192841 0.805608 0.017422 0.035108
0 0.206112 0.758784 0.022397 0.037703
0 0.230168 0.734088 0.019078 0.029905
0 0.206116 0.700270 0.032353 0.035108
0 0.196159 0.637216 0.034009 0.044216
0 0.246759 0.709378 0.014103 0.032514
0 0.370362 0.684669 0.020741 0.029905
0 0.306069 0.686628 0.016586 0.028608
0 0.298603 0.786743 0.029862 0.046811
0 0.146806 0.752932 0.018250 0.026000
0 0.123582 0.785446 0.024888 0.023405
0 0.049750 0.845912 0.023224 0.027311
0 0.325974 0.665818 0.016586 0.028608
0 0.273716 0.637858 0.016586 0.027311
0 0.498517 0.511723 0.023224 0.029905
0 0.419720 0.717838 0.018250 0.033811
0 0.359987 0.747736 0.019905 0.041608
0 0.288655 0.706122 0.013276 0.026000
0 0.192841 0.591703 0.038991 0.067622
0 0.277039 0.839419 0.018250 0.032514
0 0.346720 0.661270 0.018250 0.032514
0 0.323073 0.697027 0.019078 0.026000
0 0.503086 0.596257 0.029034 0.045514
0 0.431746 0.399257 0.017422 0.020811
0 0.025698 0.810149 0.014931 0.036405
0 0.082103 0.747088 0.013276 0.019500
0 0.045190 0.605993 0.015759 0.031203
0 0.297358 0.580000 0.027371 0.036405
0 0.456853 0.685642 0.023190 0.020770
0 0.630750 0.296236 0.057414 0.065770
0 0.449677 0.296230 0.050784 0.048459
0 0.450780 0.340358 0.019871 0.032878
0 0.137776 0.157777 0.034224 0.069230
0 0.358043 0.442480 0.026500 0.060581
0 0.399991 0.412189 0.030914 0.041541
0 0.345892 0.572284 0.015457 0.036351
0 0.444155 0.629405 0.030914 0.036351
0 0.383983 0.204507 0.025397 0.027689
0 0.438638 0.205365 0.035328 0.053649
0 0.312776 0.371520 0.083914 0.070959
0 0.313323 0.474500 0.080595 0.096919
0 0.127284 0.692568 0.030914 0.041541
0 0.412690 0.681324 0.027603 0.039811
0 0.167034 0.812858 0.024293 0.029419
0 0.628539 0.368912 0.019871 0.034608
0 0.388888 0.297095 0.034224 0.036351
0 0.402685 0.091142 0.022078 0.029419
0 0.441056 0.008642 0.019560 0.017284
