0 0.846927 0.005392 0.023078 0.010784
0 0.754625 0.194500 0.025509 0.043784
0 0.750978 0.164980 0.023078 0.045689
0 0.842672 0.257318 0.021862 0.024743
0 0.813586 0.223804 0.016586 0.028608
0 0.813586 0.201054 0.023224 0.022108
0 0.829353 0.217297 0.014931 0.033811
0 0.938017 0.193243 0.013276 0.022108
0 0.952948 0.209500 0.016586 0.026000
0 0.890319 0.258264 0.024052 0.027311
0 0.996797 0.269311 0.006405 0.036405
0 0.987259 0.179595 0.025483 0.033811
0 0.962069 0.100270 0.023224 0.033811
0 0.993478 0.043709 0.013043 0.029905
0 0.930970 0.095068 0.025716 0.046811
0 0.866263 0.187399 0.017422 0.028608
0 0.899444 0.080115 0.038991 0.050716
0 0.915207 0.212101 0.020741 0.049419
0 0.833500 0.360338 0.021569 0.044216
0 0.860043 0.364885 0.029862 0.050716
0 0.790776 0.372041 0.022397 0.036405
0 0.810685 0.375284 0.019078 0.037703
0 0.817737 0.411054 0.018250 0.020811
0 0.839724 0.399993 0.020741 0.040311
0 0.830595 0.545635 0.020741 0.032514
0 0.802810 0.584642 0.021569 0.029905
0 0.758009 0.643811 0.023224 0.033811
0 0.797418 0.622345 0.025716 0.029905
0 0.769625 0.617804 0.018250 0.031203
0 0.906914 0.637959 0.022397 0.035108
0 0.972026 0.630804 0.021569 0.031203
0 0.934698 0.674358 0.016586 0.016905
0 0.848013 0.805608 0.017422 0.035108
0 0.861284 0.758784 0.022397 0.037703
0 0.885341 0.734088 0.019078 0.029905
0 0.861289 0.700270 0.032353 0.035108
0 0.851332 0.637216 0.034009 0.044216
0 0.901931 0.709378 0.014103 0.032514
0 0.961241 0.686628 0.016586 0.028608
0 0.953776 0.786743 0.029862 0.046811
0 0.801978 0.752932 0.018250 0.026000
0 0.778754 0.785446 0.024888 0.023405
0 0.704922 0.845912 0.023224 0.027311
0 0.981147 0.665818 0.016586 0.028608
0 0.928888 0.637858 0.016586 0.027311
0 0.943828 0.706122 0.013276 0.026000
0 0.848013 0.591703 0.038991 0.067622
0 0.932211 0.839419 0.018250 0.032514
0 0.996384 0.661270 0.007233 0.032514
0 0.978246 0.697027 0.019078 0.026000
0 0.566392 0.717838 0.018250 0.033811
0 0.542750 0.708730 0.015759 0.033811
0 0.535703 0.553986 0.009957 0.023405
0 0.509573 0.840068 0.012440 0.020811
0 0.521599 0.830959 0.011612 0.026000
0 0.514966 0.808845 0.013276 0.031203
0 0.492151 0.816007 0.010784 0.027311
0 0.426616 0.549439 0.012440 0.027311
0 0.443207 0.535784 0.009121 0.023405
0 0.504177 0.512378 0.019905 0.044216
0 0.680871 0.810149 0.014931 0.036405
0 0.517866 0.427209 0.025716 0.040311
0 0.275655 0.518878 0.020741 0.033811
0 0.298047 0.514986 0.012440 0.033811
0 0.311323 0.487027 0.017422 0.032514
0 0.171129 0.434358 0.015759 0.039014
0 0.197259 0.384297 0.013276 0.022108
0 0.186056 0.385595 0.012440 0.022108
0 0.189375 0.353743 0.012440 0.023405
0 0.255328 0.385595 0.013276 0.035108
0 0.290164 0.371291 0.016586 0.027311
0 0.315884 0.343993 0.018250 0.027311
0 0.352379 0.343338 0.014931 0.023405
0 0.312565 0.380392 0.018250 0.024703
0 0.332888 0.370635 0.022397 0.026000
0 0.269431 0.462324 0.014931 0.022108
0 0.310901 0.448662 0.018250 0.020811
0 0.335789 0.433716 0.024888 0.032514
0 0.364819 0.442162 0.021569 0.023405
0 0.308828 0.559189 0.014103 0.033811
0 0.283940 0.401845 0.015759 0.018203
0 0.228784 0.473372 0.013276 0.028608
0 0.182746 0.482473 0.017422 0.020811
0 0.183991 0.454520 0.013276 0.050716
0 0.251181 0.576095 0.028207 0.033811
0 0.213022 0.592993 0.018250 0.031203
0 0.303440 0.658007 0.014931 0.031203
0 0.310069 0.719135 0.023224 0.036405
0 0.261961 0.742541 0.018250 0.033811
0 0.214263 0.799750 0.019078 0.031203
0 0.244953 0.840716 0.012440 0.032514
0 0.256983 0.518878 0.016586 0.023405
0 0.216336 0.496784 0.014931 0.020811
0 0.147491 0.372595 0.013276 0.037703
0 0.118039 0.351135 0.010784 0.033811
0 0.232927 0.615757 0.018250 0.022108
0 0.288509 0.572838 0.014931 0.024703
0 0.288091 0.625507 0.027371 0.049419
0 0.339940 0.632662 0.023224 0.032514
0 0.393853 0.362189 0.016586 0.032514
0 0.456487 0.286122 0.017422 0.033811
0 0.432427 0.368696 0.019078 0.029905
0 0.468931 0.345939 0.029034 0.041608
0 0.369802 0.307581 0.013276 0.022108
0 0.419983 0.329034 0.035672 0.039014
0 0.301366 0.415500 0.012440 0.022108
0 0.245366 0.410946 0.019905 0.026000
0 0.246612 0.465568 0.015759 0.023405
0 0.223392 0.674270 0.017422 0.024703
0 0.536116 0.629412 0.012440 0.028608
0 0.589207 0.526041 0.022397 0.032514
0 0.611603 0.759446 0.014103 0.023405
0 0.737276 0.747088 0.013276 0.019500
0 0.700362 0.605993 0.015759 0.031203
0 0.639397 0.630054 0.021569 0.022108
0 0.952530 0.580000 0.027371 0.036405
0 0.512892 0.235405 0.019078 0.023405
0 0.522431 0.191203 0.016586 0.026000
0 0.500862 0.204203 0.016586 0.026000
0 0.475151 0.223709 0.009957 0.028608
0 0.461043 0.247108 0.014931 0.023405
0 0.508741 0.290020 0.024052 0.041608
0 0.462707 0.197709 0.014931 0.039014
0 0.431595 0.241912 0.029034 0.041608
0 0.490073 0.185351 0.019905 0.032514
0 0.410030 0.469473 0.032353 0.067622
0 0.792948 0.157777 0.034224 0.069230
0 0.999983 0.442480 0.000034 0.060581
0 0.996668 0.572284 0.006664 0.036351
0 0.962996 0.371520 0.074009 0.070959
0 0.964099 0.474500 0.071802 0.096919
0 0.782457 0.692568 0.030914 0.041541
0 0.822207 0.812858 0.024293 0.029419
0 0.293905 0.237811 0.016034 0.035595
0 0.370724 0.203257 0.028052 0.029324
0 0.344009 0.190682 0.033397 0.046068
0 0.331983 0.271318 0.049431 0.027230
0 0.230448 0.309014 0.025379 0.035595
0 0.308603 0.312162 0.018707 0.029324
0 0.279211 0.326804 0.026716 0.041878
0 0.274534 0.258743 0.022707 0.043973
0 0.567556 0.810480 0.020974 0.022500
0 0.628284 0.800108 0.023190 0.043270
0 0.307539 0.926439 0.019871 0.025959
0 0.273866 0.923851 0.018767 0.041541
0 0.587427 0.987885 0.020974 0.024230
0 0.483095 0.987020 0.028707 0.025959
0 0.475366 0.857209 0.022078 0.029419
0 0.389250 0.880588 0.026500 0.058851
0 0.362194 0.803561 0.016560 0.022500
0 0.346741 0.823466 0.029810 0.034608
0 0.619448 0.856345 0.027603 0.024230
