0 0.117750 0.041068 0.011448 0.026919
0 0.085034 0.065426 0.019621 0.032041
0 0.063371 0.071189 0.017172 0.033324
0 0.046603 0.105804 0.019621 0.025635
0 0.080948 0.134635 0.011448 0.021784
0 0.116517 0.123108 0.017172 0.024351
0 0.126741 0.106432 0.019621 0.021784
0 0.031478 0.017014 0.023716 0.034027
0 0.059690 0.028892 0.013086 0.020514
0 0.056353 0.171912 0.032845 0.027122
0 0.588741 0.162959 0.039121 0.061324
0 0.652306 0.944811 0.029336 0.049054
0 0.974060 0.359182 0.027379 0.030662
0 0.963306 0.451162 0.033250 0.042919
0 0.868448 0.466500 0.039121 0.042919
0 0.522241 0.420514 0.031293 0.055189
0 0.729573 0.006358 0.023474 0.012716
0 0.992901 0.274872 0.014198 0.058257
0 0.818922 0.937770 0.020207 0.038459
0 0.790060 0.871027 0.025983 0.031676
0 0.699121 0.980764 0.014431 0.029419
