0 0.145953 0.186500 0.022078 0.021784
0 0.162716 0.222392 0.021259 0.026919
0 0.124284 0.253797 0.032707 0.035892
0 0.075638 0.230081 0.018810 0.026919
0 0.083815 0.285838 0.022078 0.020514
0 0.148000 0.298014 0.021259 0.021784
0 0.170897 0.278784 0.019621 0.029486
0 0.089944 0.381966 0.017991 0.025635
0 0.053147 0.335818 0.022897 0.023068
0 0.055599 0.367230 0.017991 0.026919
0 0.155767 0.426831 0.017172 0.028203
0 0.166397 0.389655 0.017172 0.023068
0 0.138190 0.383885 0.011448 0.032041
0 0.117750 0.500527 0.011448 0.026919
0 0.085034 0.524885 0.019621 0.032041
0 0.063371 0.530649 0.017172 0.033324
0 0.046603 0.565264 0.019621 0.025635
0 0.080948 0.594095 0.011448 0.021784
0 0.116517 0.582568 0.017172 0.024351
0 0.126741 0.565892 0.019621 0.021784
0 0.205647 0.441561 0.013897 0.032041
0 0.041698 0.430669 0.019621 0.041014
0 0.031478 0.474257 0.023716 0.038459
0 0.059690 0.488351 0.013086 0.020514
0 0.097302 0.439000 0.013086 0.026919
0 0.067866 0.415297 0.014716 0.020514
0 0.155767 0.343514 0.025345 0.030757
0 0.056353 0.631372 0.032845 0.027122
0 0.202371 0.283912 0.013897 0.037176
0 0.588741 0.622419 0.039121 0.061324
0 0.941793 0.337270 0.025431 0.049054
0 0.974060 0.818642 0.027379 0.030662
0 0.963306 0.910622 0.033250 0.042919
0 0.868448 0.925959 0.039121 0.042919
0 0.522241 0.879973 0.031293 0.055189
0 0.980914 0.427716 0.013690 0.039865
0 0.946685 0.369459 0.023474 0.027595
0 0.729573 0.456845 0.023474 0.030662
0 0.950595 0.435385 0.031293 0.036797
0 0.912457 0.374061 0.021517 0.036797
0 0.857685 0.358730 0.029336 0.042919
0 0.667957 0.229959 0.021517 0.042919
0 0.992901 0.734331 0.014198 0.058257
0 0.209957 0.336595 0.011931 0.029919
0 0.015509 0.414203 0.019086 0.039270
0 0.106767 0.324446 0.013121 0.020568
0 0.075754 0.334736 0.015509 0.033662
