0 0.005905 0.944811 0.011810 0.049054
0 0.392228 0.618277 0.029319 0.052122
0 0.425496 0.118493 0.033250 0.052122
0 0.318888 0.359182 0.027379 0.030662
0 0.308134 0.451162 0.033250 0.042919
0 0.506664 0.353054 0.035207 0.042919
0 0.544810 0.435838 0.025431 0.049054
0 0.443091 0.563088 0.029336 0.058257
0 0.519375 0.552358 0.037164 0.036797
0 0.213276 0.466500 0.039121 0.042919
0 0.074401 0.006358 0.023474 0.012716
0 0.340409 0.274872 0.019560 0.058257
0 0.163750 0.937770 0.020207 0.038459
0 0.134888 0.871027 0.025983 0.031676
0 0.043948 0.980764 0.014431 0.029419
