0 0.027483 0.340419 0.025379 0.052351
0 0.070901 0.601155 0.032060 0.067014
0 0.002724 0.479689 0.005448 0.104703
0 0.074241 0.227338 0.022707 0.039784
0 0.100966 0.763358 0.025379 0.054446
0 0.081591 0.869108 0.032060 0.073297
0 0.175108 0.561270 0.032060 0.064919
0 0.176448 0.051331 0.021379 0.037689
0 0.152401 0.091128 0.034733 0.046068
0 0.062892 0.054473 0.029388 0.048162
0 0.092948 0.037716 0.025379 0.048162
0 0.086267 0.390588 0.030724 0.046068
0 0.016750 0.395824 0.033500 0.048162
0 0.165754 0.352899 0.029388 0.046068
