0 0.682655 0.799878 0.025379 0.052351
0 0.623879 0.813493 0.044086 0.058635
0 0.574448 0.841770 0.022707 0.039784
0 0.585806 0.740203 0.029388 0.033514
0 0.528358 0.598838 0.032060 0.052351
0 0.464228 0.970622 0.032060 0.058757
0 0.524349 0.932858 0.040078 0.046068
0 0.561754 0.992608 0.040078 0.014784
0 0.634569 0.939149 0.052103 0.104703
0 0.729414 0.686797 0.022707 0.039784
0 0.492289 0.485757 0.053440 0.098432
0 0.830280 0.994135 0.032060 0.011730
0 0.831621 0.510791 0.021379 0.037689
0 0.807573 0.550588 0.034733 0.046068
0 0.718065 0.513932 0.029388 0.048162
0 0.748121 0.497176 0.025379 0.048162
0 0.741440 0.850047 0.030724 0.046068
0 0.670638 0.855284 0.036069 0.048162
0 0.820927 0.812358 0.029388 0.046068
