0 0.682655 0.340419 0.025379 0.052351
0 0.623879 0.354034 0.044086 0.058635
0 0.574448 0.382311 0.022707 0.039784
0 0.585806 0.280743 0.029388 0.033514
0 0.528358 0.139378 0.032060 0.052351
0 0.464228 0.515291 0.032060 0.067014
0 0.524349 0.473399 0.040078 0.046068
0 0.726073 0.601155 0.032060 0.067014
0 0.561754 0.554027 0.040078 0.056541
0 0.634569 0.479689 0.052103 0.104703
0 0.729414 0.227338 0.022707 0.039784
0 0.492289 0.037757 0.053440 0.075514
0 0.756138 0.763358 0.025379 0.054446
0 0.578457 0.817804 0.036069 0.041878
0 0.632556 0.824088 0.026716 0.041878
0 0.629224 0.875392 0.033397 0.052351
0 0.736763 0.869108 0.032060 0.073297
0 0.830280 0.561270 0.032060 0.064919
0 0.831621 0.051331 0.021379 0.037689
0 0.807573 0.091128 0.034733 0.046068
0 0.718065 0.054473 0.029388 0.048162
0 0.748121 0.037716 0.025379 0.048162
0 0.624353 0.665007 0.017121 0.026284
0 0.741440 0.390588 0.030724 0.046068
0 0.670638 0.395824 0.036069 0.048162
0 0.820927 0.352899 0.029388 0.046068
0 0.617073 0.653277 0.017750 0.030905
0 0.508129 0.560547 0.016759 0.030905
